-4.855963081228435449e-06
-4.624296323486104320e-05
2.499783883476574555e-05
3.664727575425197592e-05
1.238181307312416002e-04
8.566558688393378538e-05
2.389196456534814855e-05
2.108345626318253060e-06
1.782129100082289759e-04
-1.190554992682409037e-04
1.029352002414430011e-05
3.960720706212232639e-05
7.251811254125455368e-05
-5.224653605150574970e-05
1.699757156215245745e-04
-5.323048456474807833e-05
-5.106677148990815376e-05
1.057782089795455309e-04
-1.082894034215146453e-05
3.697320689854574052e-05
5.576830026058090351e-06
4.287648705507143913e-05
-8.665408317526596474e-05
-3.620983209959034705e-05
8.176503664111074623e-05
1.172794442730789780e-04
1.498506328854873001e-04
1.095540653980921321e-05
7.588794966642782634e-05
4.146241542000173312e-05
-6.622825983619753780e-05
8.673574224297113519e-05
1.098249381561658010e-04
1.083686825967737584e-04
-2.085713533431572838e-04
4.245817695676621517e-05
1.343538062375283510e-05
1.393756374032327981e-05
-1.269542912686765000e-04
2.370693774215435723e-05
1.657620202949378998e-05
-5.408741015083495221e-05
-5.049213152336204293e-05
9.099295936406178321e-05
5.304643721037603701e-05
-1.337102396948907995e-04
-3.423839881810251853e-05
-2.422844377894543464e-05
1.421801892480096590e-05
-5.013697239276035627e-05
-1.500795276710017664e-04
2.232940248853501963e-05
2.592917608896568992e-05
1.636086183845707526e-05
-2.275392581229327956e-04
-3.350965831428145861e-05
9.776893904063030535e-05
7.020404700484951022e-05
6.964462724952776235e-05
1.523888447581217799e-05
3.402961489486001402e-05
7.329480188000337716e-05
3.137567879361240035e-05
5.103680290741232832e-06
2.661327048169485985e-05
5.088627243778569677e-05
4.808077079228164567e-05
-3.975708314977137408e-06
7.049087850650496653e-05
-3.642719128545654527e-05
2.331877409564722802e-05
-1.088362215567085123e-05
-4.405957085396212947e-05
-1.953611770147494723e-05
3.841202958378490929e-05
-1.157778106468444101e-05
-4.390176872179365027e-06
3.027015505330807668e-05
-1.970372210469759818e-05
1.149045025306938576e-06
-6.962981052393418384e-06
8.371040981846709515e-05
-2.134087321284830561e-04
1.321723167474145598e-05
4.757413616078279885e-05
-3.754553860147262117e-06
7.025723515719032577e-05
-5.439452572732833086e-05
-1.755754646384458540e-04
6.952419937296158811e-05
-1.596317430321785404e-04
2.459092161575518457e-05
-8.304752542282875982e-05
-6.576144723001611889e-05
-1.921004998556216501e-05
9.351275534813325229e-05
-3.954431979693066260e-05
-1.529218893579695729e-06
1.614933017070228297e-04
-1.330850802568481412e-04
