-3.068207715658169676e-05
1.446562115251575839e-04
-2.768045865901425226e-04
-8.978385319265451067e-05
5.100030662804260016e-04
-9.571021549641822593e-05
5.851939592520161637e-04
-9.463895023723549330e-05
-4.019716872216369009e-04
7.562090384795049384e-04
-1.839703810894513796e-04
-9.317727839900752070e-05
1.055813821076646868e-04
1.895548470525160005e-04
7.692763849212202760e-04
-1.416546496739591436e-04
1.993463567789284345e-04
-1.837260276935455590e-04
1.085026797425255239e-05
-5.897636441302610494e-04
3.146383377668982777e-04
5.957473792657713360e-04
7.090133634644558622e-05
2.793856165766729063e-04
-4.415474554574310670e-05
-3.874427438683172528e-04
2.091396072079718487e-05
6.215941458614300833e-04
-2.719088949395530330e-04
1.109751492098604237e-03
7.050960588530607708e-04
8.677518941050879750e-04
6.977199785691353025e-04
4.042551808931517604e-04
-1.010571744890591305e-03
2.990159247335142322e-04
5.579869882145752817e-04
1.402228073249442691e-04
-7.706369629001673686e-04
-4.429865326336494699e-05
3.883171366702193065e-04
1.211398945048837721e-04
-5.551928377269067035e-05
1.200400861522084479e-03
6.159577225857373233e-04
6.208487467622388675e-04
5.162038081274470313e-04
2.654322525194524519e-06
-6.977286904795143834e-04
3.864324789935307957e-04
